0.482225 -0.875762 0.0223431 0.687687 0.876012 0.482277 -0.00335446 0.551613 -0.00783787 0.0211904 0.999745 0.786409
0.481736 -0.875994 0.0237739 0.866968 0.876275 0.481798 -0.00344762 0.839753 -0.00843411 0.0224933 0.999711 0.772108
0.480823 -0.876491 0.0239457 1.1207 0.876778 0.480879 -0.00376285 1.26337 -0.00821691 0.0228044 0.999706 0.765515
0.479329 -0.877318 0.0236141 1.40447 0.877609 0.479346 -0.00529547 1.76679 -0.00667354 0.0232623 0.999707 0.76324
0.477123 -0.878558 0.0221802 1.7146 0.878821 0.47711 -0.00627672 2.3373 -0.00506796 0.0224872 0.999735 0.754356
0.475023 -0.879725 0.020991 2.04951 0.879961 0.475 -0.00645557 2.961 -0.00429163 0.0215378 0.999759 0.746779
0.473403 -0.880606 0.02067 2.43735 0.880832 0.473395 -0.00572353 3.66982 -0.00474492 0.0209164 0.999771 0.744527
0.472009 -0.881347 0.0210172 2.84096 0.881575 0.472018 -0.0049881 4.41946 -0.00552426 0.0208827 0.999768 0.743792
0.470814 -0.881969 0.0217636 3.26219 0.882209 0.47084 -0.0043927 5.2069 -0.00637298 0.0212683 0.999755 0.746591
0.469816 -0.882486 0.0224373 3.69172 0.88274 0.469846 -0.00445884 6.01292 -0.00660724 0.0219012 0.99974 0.74611
0.468796 -0.88302 0.0228143 4.12697 0.883286 0.468816 -0.00502733 6.82982 -0.0062565 0.0225084 0.999729 0.747837
0.467995 -0.883438 0.0231198 4.56782 0.883711 0.468017 -0.00503874 7.66074 -0.00636905 0.0227893 0.999722 0.749155
0.467575 -0.883657 0.0233188 5.01445 0.883923 0.467634 -0.00348458 8.50333 -0.00782548 0.0222413 0.999724 0.755363
0.467658 -0.883596 0.0240354 5.46938 0.883854 0.46778 -0.000910458 9.35413 -0.0104388 0.0216696 0.999713 0.753559
0.468274 -0.883224 0.0257211 5.9296 0.883485 0.468478 0.00186817 10.2077 -0.0136997 0.0218494 0.999669 0.744292
0.469506 -0.882515 0.0275761 6.38852 0.882785 0.469787 0.00406865 11.0544 -0.0165454 0.0224334 0.999613 0.731281
0.471286 -0.881524 0.0289343 6.83876 0.881823 0.471593 0.00416143 11.9014 -0.0173135 0.0235536 0.999574 0.716735
0.473083 -0.880537 0.0297171 7.2825 0.880887 0.473356 0.00218678 12.7508 -0.0159922 0.0251429 0.999558 0.70477
0.474768 -0.879674 0.0284203 7.72259 0.880038 0.474939 -0.00120096 13.6012 -0.0124413 0.0255812 0.999597 0.708289
0.476175 -0.878968 0.0267384 8.16212 0.879318 0.47626 -0.00390571 14.457 -0.00930136 0.0253714 0.999637 0.708389
0.477006 -0.878557 0.0254832 8.60446 0.878879 0.477073 -0.00420306 15.3267 -0.00846466 0.0244016 0.999668 0.705851
0.477063 -0.878479 0.0271509 9.05509 0.878831 0.477174 -0.00308283 16.206 -0.0102474 0.0253318 0.999628 0.695487
0.476622 -0.87854 0.0324696 9.51751 0.879037 0.476802 -0.00284454 17.0804 -0.0129824 0.0298977 0.99947 0.689124
0.47559 -0.878878 0.0380539 9.99023 0.879571 0.475812 -0.00392985 17.946 -0.0146524 0.0353401 0.99927 0.682637
0.473957 -0.879562 0.0424268 10.4711 0.880466 0.474126 -0.0069528 18.8133 -0.0139999 0.0406507 0.999078 0.684209
0.471883 -0.880612 0.0438187 10.9413 0.881606 0.471966 -0.00939088 19.6881 -0.0124109 0.0430622 0.998998 0.673885
0.46985 -0.881767 0.0424963 11.4167 0.882715 0.469874 -0.0103753 20.5631 -0.010819 0.0423868 0.999046 0.665302
0.468112 -0.882802 0.0401824 11.892 0.883646 0.468142 -0.00958795 21.4453 -0.0103466 0.0399951 0.99915 0.660027
0.466809 -0.883639 0.0368771 12.3678 0.88433 0.466901 -0.00700322 22.3329 -0.0110294 0.0358803 0.999299 0.666425
0.465902 -0.8842 0.0349303 12.8437 0.884792 0.466062 -0.00436843 23.2259 -0.0124169 0.0329409 0.999384 0.67268
0.465359 -0.884467 0.0355053 13.3175 0.885039 0.465618 -0.00156969 24.1185 -0.0151433 0.0321535 0.999372 0.671409
0.46504 -0.884582 0.0368568 13.782 0.885145 0.465422 0.00153779 25.0186 -0.0185139 0.0319079 0.999324 0.660864
0.465006 -0.884548 0.038149 14.2365 0.8851 0.465498 0.00415914 25.9143 -0.0214368 0.0318309 0.999269 0.637648
0.465161 -0.884451 0.0385997 14.6947 0.88498 0.465713 0.00574693 26.8116 -0.0230587 0.031486 0.999244 0.622922
0.465534 -0.884267 0.0383801 15.1443 0.884803 0.466062 0.00512827 27.7107 -0.0224217 0.0315707 0.999256 0.605935
0.465742 -0.884223 0.0369244 15.5963 0.884737 0.466203 0.00396838 28.601 -0.0207227 0.0308194 0.999317 0.601597
0.465218 -0.884551 0.0357136 16.0495 0.88505 0.465622 0.00290005 29.4921 -0.0191937 0.0302584 0.999365 0.589827
0.464286 -0.885081 0.0347769 16.5117 0.88556 0.464659 0.0024534 30.3778 -0.0183303 0.0296571 0.999399 0.572871
0.463497 -0.885472 0.0354199 16.9729 0.885985 0.463856 0.00164008 31.2505 -0.0178814 0.0306206 0.999378 0.557724
0.462791 -0.885858 0.035061 17.4259 0.886384 0.463101 0.000257157 32.1156 -0.016464 0.0309577 0.999391 0.549871
0.462139 -0.886247 0.033863 17.8795 0.886766 0.462371 -0.00164901 32.989 -0.0141953 0.0307898 0.999431 0.549674
0.461751 -0.886498 0.0326352 18.3305 0.886995 0.461931 -0.00281912 33.86 -0.0125756 0.0302482 0.999469 0.553657
0.461633 -0.88657 0.0324094 18.7762 0.887051 0.461832 -0.00209977 34.7259 -0.0131056 0.0297173 0.999478 0.563645
0.461537 -0.886586 0.0333867 19.2206 0.887081 0.461783 -0.000968198 35.5855 -0.0145585 0.0300627 0.999447 0.566674
0.46145 -0.886551 0.0355075 19.671 0.887099 0.461756 -0.000100742 36.4507 -0.0163059 0.0315443 0.999374 0.559105
0.461371 -0.886486 0.0381171 20.124 0.887119 0.461725 -6.88148e-06 37.3108 -0.0175928 0.0338167 0.999279 0.549913
0.460994 -0.886581 0.0404865 20.5701 0.887304 0.461376 -0.000388815 38.1758 -0.018334 0.0361021 0.999186 0.535993
0.460374 -0.886763 0.0434885 21.0152 0.887601 0.460809 -0.000498069 39.036 -0.0195974 0.0388287 0.99906 0.516913
0.459495 -0.887055 0.0467462 21.4648 0.888 0.460046 0.000734131 39.8987 -0.0221557 0.0411722 0.998913 0.513094
0.458394 -0.887465 0.0497201 21.9072 0.888488 0.459101 0.00278777 40.7682 -0.0252995 0.0428966 0.998766 0.501553
0.457366 -0.887909 0.0512809 22.3355 0.888974 0.458159 0.00385029 41.6241 -0.0269123 0.0438251 0.998683 0.488032
0.456401 -0.888437 0.0507848 22.7609 0.889536 0.457085 0.00171179 42.4571 -0.0247326 0.0443924 0.998715 0.49054
0.45556 -0.889061 0.0473517 23.179 0.890104 0.455982 -0.00250941 43.2842 -0.0193593 0.0432898 0.998883 0.497625
0.454734 -0.88973 0.0425411 23.5853 0.890623 0.454946 -0.00556858 44.0964 -0.0143983 0.0404189 0.999087 0.481978
0.453947 -0.890387 0.0369098 23.9885 0.891071 0.454071 -0.00593768 44.9075 -0.0114718 0.0355832 0.99931 0.461398
0.45308 -0.890965 0.0335128 24.3881 0.891524 0.4532 -0.00493432 45.717 -0.0107908 0.0321117 0.999436 0.447166
0.452052 -0.891516 0.0328266 24.7853 0.892035 0.452217 -0.00325984 46.5112 -0.0119376 0.0307545 0.999467 0.446053
0.450874 -0.892123 0.0326067 25.1741 0.892609 0.451101 -0.00109957 47.3014 -0.013727 0.0295993 0.99948 0.455325
0.449368 -0.892855 0.0334596 25.5624 0.893336 0.449667 0.00096967 48.084 -0.0159104 0.0294534 0.999452 0.460621
0.447999 -0.893502 0.0346405 25.9411 0.893993 0.448361 0.00243939 48.8482 -0.01771 0.029874 0.99941 0.458701
0.446597 -0.894168 0.0356159 26.3055 0.894675 0.447002 0.00325978 49.5909 -0.018834 0.0304073 0.999375 0.451283
0.44536 -0.894787 0.0356599 26.6615 0.895263 0.445816 0.00494609 50.3202 -0.0203222 0.0297207 0.999367 0.43541
0.444269 -0.895363 0.0348863 27.0067 0.895764 0.444782 0.0074656 51.0386 -0.0221998 0.0279317 0.999379 0.420794
0.443144 -0.895945 0.0343397 27.3506 0.896268 0.443718 0.0102165 51.7451 -0.0243891 0.0262487 0.999375 0.409542
0.441794 -0.896671 0.0328498 27.6793 0.896909 0.44238 0.0121927 52.4462 -0.0254634 0.0240751 0.999404 0.406316
0.440569 -0.897358 0.030576 28.0082 0.897561 0.441083 0.0114868 53.1236 -0.0237927 0.0223818 0.999485 0.426851
0.439574 -0.897949 0.0275236 28.3248 0.898167 0.439939 0.00769093 53.7657 -0.0190133 0.0213389 0.999611 0.449648
0.438789 -0.898438 0.0240064 28.6276 0.898649 0.439013 0.00367379 54.3935 -0.0138385 0.0199603 0.999725 0.448981
0.438235 -0.898785 0.0211531 28.9278 0.898971 0.438376 0.0011274 55.0074 -0.0102851 0.0185212 0.999797 0.425268
0.437573 -0.89913 0.0203735 29.223 0.899303 0.437703 0.000989096 55.6159 -0.00980571 0.0178885 0.999814 0.399591
0.436715 -0.899539 0.0208793 29.5131 0.899722 0.43685 0.000967241 56.208 -0.00999004 0.0183627 0.999805 0.398266
0.436429 -0.899644 0.0224804 29.7913 0.899866 0.436565 0.000155347 56.7748 -0.00995272 0.0201611 0.999772 0.419251
0.436951 -0.899318 0.0253926 30.06 0.899631 0.437049 -0.00276942 57.3129 -0.00860604 0.0240537 0.999699 0.452179
0.438842 -0.89837 0.026497 30.3199 0.89873 0.438887 -0.00524832 57.8353 -0.00691312 0.0261165 0.999662 0.468881
0.442278 -0.896723 0.0252817 30.5693 0.897057 0.442295 -0.00610613 58.3551 -0.0057054 0.0253795 0.99969 0.464744
0.446737 -0.894565 0.0234272 30.8174 0.894851 0.446759 -0.00556017 58.8646 -0.00549142 0.0234476 0.999739 0.447544
0.451872 -0.891989 0.0233808 31.0577 0.892263 0.451935 -0.00377591 59.3458 -0.00719754 0.0225678 0.99975 0.442239
0.458318 -0.888608 0.0265809 31.3094 0.888937 0.458467 -0.00145952 59.8111 -0.0108884 0.0242974 0.999677 0.447067
0.466553 -0.88418 0.0308226 31.5582 0.884588 0.466816 0.000732457 60.2714 -0.0150347 0.0269232 0.999557 0.460089
0.477087 -0.878486 0.0324734 31.8124 0.878898 0.477445 0.00305449 60.7124 -0.018186 0.027083 0.999502 0.469182
0.491486 -0.870592 0.0304072 32.0651 0.870892 0.491882 0.00587868 61.1386 -0.020073 0.0235916 0.999555 0.473636
0.509735 -0.86017 0.0265164 32.3238 0.860329 0.510109 0.00843439 61.5528 -0.0207796 0.0185132 0.999649 0.463329
0.530151 -0.847779 0.025394 32.5957 0.847892 0.530521 0.00936492 61.949 -0.0214096 0.0165663 0.999671 0.446674
0.553643 -0.832601 0.0264343 32.8704 0.83272 0.554041 0.00949756 62.3214 -0.0225514 0.0167538 0.999644 0.445111
0.580049 -0.814323 0.0295737 33.1544 0.814494 0.580519 0.00916417 62.6724 -0.0246285 0.0187716 0.999561 0.443062
0.609201 -0.79262 0.0330393 33.4517 0.792851 0.609761 0.00883949 62.9943 -0.02715 0.0208098 0.999456 0.435525
0.639896 -0.767964 0.0351977 33.7484 0.768218 0.640526 0.00887511 63.3178 -0.0293581 0.0213599 0.999384 0.433608
0.672821 -0.73925 0.0361425 34.0469 0.739481 0.6735 0.00941869 63.6384 -0.0313019 0.0203892 0.999346 0.436242
0.70789 -0.70578 0.035499 34.3463 0.705934 0.708578 0.010483 63.934 -0.0325494 0.0176388 0.99936 0.442266
0.744395 -0.667258 0.0338755 34.6663 0.667337 0.745043 0.0109826 64.1937 -0.0325638 0.0144308 0.999412 0.445254
0.780722 -0.624428 0.0328357 34.9852 0.624452 0.781341 0.0112376 64.437 -0.0326697 0.0117308 0.999445 0.440033
0.816945 -0.576268 0.0322989 35.3176 0.576253 0.817545 0.0112096 64.6628 -0.0328623 0.00945485 0.999464 0.429426
0.852116 -0.5229 0.0318239 35.6592 0.522871 0.85269 0.0104102 64.8523 -0.0325761 0.00776945 0.999489 0.405909
0.884857 -0.465383 0.0316088 36.0016 0.465376 0.885407 0.00859181 65.0177 -0.0319818 0.00710788 0.999515 0.385245
0.913635 -0.406023 0.0313279 36.3627 0.406025 0.914165 0.00717407 65.1454 -0.0315482 0.00616598 0.999536 0.369425
0.93812 -0.345704 0.0316021 36.7392 0.3457 0.938652 0.00639179 65.2391 -0.0318694 0.00492921 0.999534 0.363933
0.958429 -0.284448 0.0330977 37.1233 0.284405 0.959008 0.00673371 65.3108 -0.0336526 0.00296011 0.999485 0.356478
0.974518 -0.222914 0.0350838 37.5159 0.222807 0.975161 0.00755902 65.3683 -0.0358934 0.00045141 0.999412 0.348441
0.986459 -0.161748 0.0368581 37.9071 0.161602 0.987157 0.00752511 65.3979 -0.0375977 -0.00146588 0.99935 0.335539
0.994442 -0.10137 0.0380475 38.3025 0.101249 0.995177 0.00567812 65.3933 -0.0384352 -0.00179321 0.99932 0.325284
0.998701 -0.0423121 0.0381947 38.6848 0.0422145 0.999437 0.00395363 65.3621 -0.0383359 -0.00233496 0.999324 0.327242
0.999547 0.014513 0.0369402 39.054 -0.0146488 1.00023 0.00403397 65.3079 -0.0368854 -0.0045719 0.999373 0.338231
0.997356 0.0686343 0.0354205 39.4208 -0.0688396 0.997962 0.00526986 65.2435 -0.0349821 -0.00769261 0.999424 0.330436
0.992596 0.11972 0.033487 39.768 -0.119925 0.993126 0.00490102 65.1721 -0.0326656 -0.00887881 0.999494 0.295549
0.985706 0.16742 0.0327329 40.0922 -0.167504 0.986234 0.00055739 65.0814 -0.0321844 -0.00603055 0.999533 0.263504
0.97711 0.211937 0.0327528 40.3648 -0.21179 0.977661 -0.00720628 65.0097 -0.0335435 0.000106006 0.999508 0.248702
0.967425 0.252521 0.032727 40.6362 -0.252135 0.967961 -0.0148235 64.9533 -0.0354164 0.00608988 0.999427 0.261266
0.957142 0.289197 0.0317299 40.9417 -0.288725 0.957636 -0.0179806 64.9015 -0.0355801 0.00804939 0.999408 0.276657
0.946303 0.323099 0.0299501 41.286 -0.322739 0.946764 -0.0155511 64.8506 -0.0333748 0.00505066 0.999506 0.280628
0.935124 0.354317 0.0282304 41.6484 -0.354151 0.93555 -0.0100392 64.7713 -0.0299628 -0.000608926 0.999628 0.254326
0.924423 0.381527 0.0262539 42.0217 -0.381469 0.924787 -0.00644591 64.6749 -0.0267337 -0.00405507 0.999714 0.217603
0.914634 0.404663 0.0227528 42.4191 -0.404625 0.914907 -0.00541121 64.562 -0.0230018 -0.00425577 0.999807 0.195113
0.905866 0.424216 0.0170044 42.8317 -0.424158 0.906023 -0.00574145 64.4426 -0.0178379 -0.00201039 0.999922 0.185058
0.898169 0.440468 0.0117119 43.2565 -0.440389 0.898245 -0.00704455 64.3059 -0.0136193 0.00117034 0.999992 0.169106
0.890674 0.455482 0.0104374 43.684 -0.455399 0.890732 -0.00760616 64.1481 -0.0127578 0.00202219 1 0.163889
0.883598 0.46902 0.0128092 44.1134 -0.468929 0.883689 -0.00797595 63.9548 -0.0150565 0.00104156 0.999975 0.158767
0.877204 0.480766 0.0167018 44.5492 -0.480647 0.877363 -0.00960847 63.7215 -0.019269 0.000401375 0.999906 0.147394
0.871454 0.491 0.0201222 44.9862 -0.490818 0.871685 -0.0125562 63.4597 -0.0237008 0.00106602 0.999812 0.142439
0.866131 0.500289 0.0214568 45.4135 -0.500043 0.866394 -0.0151191 63.1835 -0.0261491 0.00236569 0.999751 0.142746
0.861508 0.50824 0.0210726 45.8546 -0.507965 0.861759 -0.0163535 62.8961 -0.0264661 0.00338412 0.999743 0.134327
0.857869 0.514454 0.0189827 46.309 -0.514165 0.858064 -0.0173188 62.6075 -0.0251932 0.00509638 0.99977 0.126755
0.854888 0.519487 0.0166743 46.7721 -0.5192 0.855026 -0.0178029 62.3253 -0.0235006 0.00656119 0.999805 0.121898
0.852337 0.523739 0.0145507 47.2528 -0.523459 0.852425 -0.0181955 62.0299 -0.0219285 0.00789067 0.999834 0.106212
0.850126 0.527387 0.0124636 47.7557 -0.5271 0.850159 -0.0194678 61.7138 -0.0208586 0.00997884 0.999841 0.0836488
0.848266 0.530419 0.0109539 48.2772 -0.53012 0.848255 -0.0208853 61.3885 -0.0203652 0.0119072 0.999832 0.0673594
0.846648 0.533015 0.0107941 48.8155 -0.532704 0.846627 -0.0215268 61.0584 -0.0206082 0.012473 0.999823 0.0520422
0.845346 0.535088 0.0108848 49.3778 -0.53475 0.845312 -0.0227457 60.7093 -0.0213674 0.0134044 0.999797 0.0385409
0.844521 0.536415 0.0103375 49.947 -0.536036 0.844443 -0.0249625 60.3524 -0.0221149 0.0155366 0.999753 0.0273842
0.844468 0.536532 0.00917111 50.5218 -0.53611 0.844316 -0.027806 59.9777 -0.0226573 0.0185605 0.999691 0.0159791
0.845511 0.534915 0.00820842 51.1091 -0.534457 0.845288 -0.0302432 59.5885 -0.0231111 0.0211791 0.999631 0.00204595
0.847256 0.532176 0.00711583 51.7147 -0.531699 0.846964 -0.0321244 59.1967 -0.0231177 0.0234287 0.999583 -0.0109036
0.849559 0.528512 0.00647302 52.341 -0.528036 0.849235 -0.0328012 58.8033 -0.022828 0.0244426 0.999567 -0.0303484
0.852151 0.524334 0.00640727 52.9772 -0.52384 0.8518 -0.0337664 58.4124 -0.0231576 0.0254112 0.999537 -0.0538893
0.854706 0.520162 0.00720896 53.6485 -0.519635 0.854358 -0.0343145 58.0141 -0.0240029 0.0255758 0.999515 -0.0716934
0.857283 0.515892 0.00875038 54.3288 -0.515327 0.85697 -0.0343748 57.6141 -0.0252272 0.0249523 0.999503 -0.0995746
0.859715 0.511813 0.0104336 55.0205 -0.511201 0.859437 -0.0345909 57.2192 -0.0266655 0.0243969 0.999481 -0.128475
0.861974 0.507998 0.0110988 55.7271 -0.507352 0.861695 -0.0352989 56.8216 -0.0274897 0.0247875 0.999451 -0.136044
0.863901 0.504722 0.0113913 56.4397 -0.504121 0.863674 -0.0334026 56.4133 -0.0266916 0.0231055 0.999515 -0.122984
0.865401 0.502171 0.010942 57.1539 -0.501701 0.865263 -0.028613 55.9897 -0.023831 0.0192637 0.999671 -0.120199
0.866156 0.500904 0.0099901 57.8689 -0.500575 0.866094 -0.0229026 55.5616 -0.0201196 0.0148282 0.999831 -0.132739
0.866447 0.500423 0.00955847 58.5858 -0.500197 0.866445 -0.0176716 55.1312 -0.017121 0.0105225 0.999944 -0.157534
0.866348 0.500603 0.00992104 59.3054 -0.500417 0.866378 -0.0149906 54.7066 -0.0160958 0.00801455 0.999987 -0.179608
0.866071 0.501068 0.0113295 60.0212 -0.500895 0.866135 -0.0135922 54.2933 -0.0166195 0.00608909 0.999994 -0.19063
0.865653 0.501769 0.01284 60.7423 -0.501581 0.865742 -0.013934 53.8903 -0.0181035 0.00561367 0.999974 -0.193825
0.865203 0.502515 0.0144596 61.4645 -0.502309 0.865323 -0.0143945 53.4944 -0.0197412 0.00518281 0.999949 -0.19445
0.864906 0.50299 0.0162117 62.1913 -0.502788 0.865065 -0.0138003 53.1098 -0.0209609 0.00377663 0.999933 -0.200364
0.864664 0.503368 0.0177793 62.9147 -0.503198 0.864863 -0.0120958 52.7256 -0.0214605 0.00150422 0.999932 -0.206098
0.86411 0.504283 0.0191653 63.6292 -0.504164 0.864341 -0.00965906 52.3354 -0.0214314 -0.00132382 0.999936 -0.215571
0.863046 0.506029 0.0213673 64.3354 -0.505991 0.863314 -0.00624498 51.9312 -0.0216019 -0.00542934 0.999921 -0.225062
0.86145 0.508626 0.0242536 65.0378 -0.508684 0.861758 -0.00291812 51.5076 -0.0223799 -0.00983046 0.999874 -0.23531
0.859085 0.512488 0.0270152 65.7535 -0.512628 0.859433 -0.000733459 51.0709 -0.0235883 -0.013225 0.99981 -0.241348
0.855831 0.517782 0.0295401 66.4672 -0.518008 0.856211 0.00124736 50.6216 -0.024641 -0.0163754 0.999741 -0.254566
0.851912 0.524132 0.0310509 67.1803 -0.524414 0.85231 0.00234973 50.1656 -0.0252276 -0.0182908 0.999697 -0.265796
0.847178 0.531735 0.0315968 67.8833 -0.532045 0.847576 0.00296504 49.7053 -0.0251981 -0.0193281 0.999681 -0.270972
0.841955 0.540001 0.0312819 68.5659 -0.540293 0.842355 0.00235531 49.2487 -0.0250725 -0.0188896 0.999696 -0.272553
0.836203 0.54889 0.0311343 69.2467 -0.549165 0.83661 0.00168158 48.8075 -0.0251181 -0.0185091 0.999705 -0.277994
0.829871 0.558422 0.0313184 69.9156 -0.558694 0.830289 0.0012594 48.3671 -0.0252937 -0.0185475 0.999703 -0.288578
0.823173 0.568283 0.0309739 70.5785 -0.568535 0.823592 0.000545095 47.9219 -0.0251936 -0.0180633 0.999718 -0.29177
0.816363 0.578065 0.0304689 71.2262 -0.578295 0.816779 -0.000108247 47.4796 -0.0249424 -0.0175365 0.999737 -0.296828
0.809679 0.587436 0.0298678 71.8575 -0.587654 0.810082 -0.000299595 47.037 -0.0243648 -0.0173141 0.999759 -0.315856
0.80304 0.596537 0.0289783 72.4764 -0.596746 0.803418 -0.000188005 46.5896 -0.0233875 -0.0171464 0.999788 -0.330727
0.796656 0.605061 0.0287828 73.0846 -0.605291 0.797011 0.000761583 46.1324 -0.0224732 -0.0180331 0.999797 -0.351029
0.790558 0.613021 0.0288027 73.6819 -0.61327 0.790897 0.00153149 45.6813 -0.021835 -0.0188788 0.999799 -0.359642
0.784719 0.620505 0.0284997 74.2717 -0.620745 0.785055 0.00129607 45.2258 -0.0215634 -0.0187122 0.999812 -0.362368
0.779073 0.627581 0.0287816 74.8489 -0.627826 0.779415 0.00118413 44.7664 -0.0216834 -0.0189963 0.999807 -0.366741
0.773546 0.634379 0.0291293 75.424 -0.63461 0.773913 0.000187161 44.2947 -0.0224182 -0.0186344 0.999802 -0.367169
0.768476 0.640507 0.0295098 75.9933 -0.640705 0.768884 -0.0016138 43.8221 -0.0237162 -0.0176709 0.999793 -0.366667
0.764491 0.645231 0.0303971 76.5667 -0.645389 0.76496 -0.00394478 43.3574 -0.0257901 -0.0166063 0.999764 -0.375118
0.761492 0.648754 0.0309551 77.1378 -0.648841 0.762024 -0.00696821 42.8905 -0.0281005 -0.014783 0.999735 -0.388523
0.759729 0.650801 0.0315461 77.6848 -0.650833 0.760311 -0.00921067 42.4307 -0.0299698 -0.0135381 0.999702 -0.40033
0.758953 0.651733 0.0312613 78.2132 -0.651713 0.759547 -0.0108161 41.9767 -0.0307839 -0.0121692 0.999699 -0.407939
0.759415 0.651273 0.0298431 78.719 -0.651215 0.759976 -0.0115356 41.5203 -0.0301831 -0.0106789 0.999739 -0.4138
0.761136 0.649337 0.0284246 79.2035 -0.649273 0.761652 -0.0111655 41.0847 -0.0288903 -0.009962 0.999789 -0.415821
0.763901 0.646149 0.0271298 79.6848 -0.646088 0.764376 -0.0105621 40.6742 -0.0275528 -0.00946508 0.999835 -0.425779
0.76807 0.641238 0.0262124 80.1679 -0.64118 0.768516 -0.0100543 40.2802 -0.0265828 -0.00908983 0.999869 -0.43586
0.773979 0.634125 0.0257166 80.6603 -0.634076 0.774408 -0.00940275 39.9096 -0.0258687 -0.00903415 0.999892 -0.453484
0.781136 0.625326 0.0250629 81.1411 -0.625272 0.781548 -0.00922283 39.5616 -0.0253462 -0.00847237 0.999915 -0.465975
0.790067 0.614065 0.0238008 81.6128 -0.614011 0.790445 -0.00862421 39.2346 -0.0241004 -0.00780594 0.999955 -0.476956
0.801093 0.59969 0.0219895 82.0796 -0.599648 0.801421 -0.00730708 38.9306 -0.0219969 -0.0073382 1.00001 -0.479821
0.813339 0.58304 0.0204804 82.5347 -0.583026 0.813621 -0.00524062 38.6277 -0.0197116 -0.00768406 1.00006 -0.472798
0.827449 0.562884 0.0194548 82.9862 -0.5629 0.827697 -0.0029432 38.3431 -0.0177528 -0.00852143 1.0001 -0.475896
0.843359 0.538796 0.0185732 83.4474 -0.538823 0.843585 -0.0017327 38.0826 -0.0165955 -0.0085521 1.00012 -0.491461
0.860225 0.511456 0.0184057 83.9199 -0.511472 0.860455 -0.00210845 37.8354 -0.0169094 -0.00760618 1.00013 -0.504449
0.878409 0.479521 0.0195371 84.3946 -0.479515 0.878673 -0.00348739 37.6212 -0.018832 -0.00631119 1.0001 -0.518775
0.897281 0.443061 0.0227589 84.8752 -0.443042 0.897623 -0.00473355 37.4343 -0.0225177 -0.00584216 1.00004 -0.527221
0.915953 0.402827 0.0265508 85.3589 -0.402792 0.916397 -0.00582781 37.2656 -0.0266685 -0.0053629 0.99994 -0.519348
0.934389 0.357688 0.0305144 85.847 -0.357684 0.934944 -0.00490288 37.1435 -0.0302713 -0.00633958 0.999836 -0.520697
0.951979 0.307528 0.0335746 86.3423 -0.307588 0.952622 -0.00282127 37.0601 -0.0328386 -0.00764729 0.99975 -0.528201
0.96787 0.253088 0.0339105 86.8391 -0.25315 0.968525 -0.00195619 37.0188 -0.0333249 -0.00669725 0.999744 -0.540319
0.981328 0.194791 0.0322333 87.3301 -0.194817 0.981935 -0.00192177 36.9935 -0.0320123 -0.00440036 0.999804 -0.536687
0.991913 0.131554 0.028356 87.807 -0.131514 0.992406 -0.00293778 36.9954 -0.0285154 -0.000822701 0.999923 -0.531366
0.99872 0.0634863 0.023325 88.2744 -0.0634174 0.999081 -0.00346779 37.0247 -0.023514 0.00197591 1.00005 -0.52827
1.00081 -0.00846569 0.01849 88.7475 0.00852157 1.00107 -0.00294791 37.084 -0.0184771 0.00309931 1.00016 -0.5461
0.997543 -0.0821445 0.0145046 89.2191 0.0821859 0.997734 -0.0026635 37.1599 -0.0142471 0.00384026 1.00023 -0.572323
0.989015 -0.154211 0.0118177 89.6847 0.154257 0.989161 -0.00411309 37.2534 -0.0110509 0.00588156 1.00027 -0.595965
0.975673 -0.223637 0.0119133 90.1541 0.223702 0.975801 -0.00591567 37.3676 -0.0102981 0.00842679 1.00026 -0.596875
0.957865 -0.290485 0.0151365 90.6144 0.290593 0.958011 -0.00709311 37.4969 -0.0124356 0.011182 1.00021 -0.592361
0.935888 -0.354719 0.0206818 91.0675 0.354889 0.93611 -0.00659377 37.664 -0.0170146 0.0134992 1.00012 -0.58191
0.910185 -0.415952 0.0267236 91.497 0.416194 0.910527 -0.005329 37.8601 -0.0221067 0.0159603 0.999987 -0.578077
0.881591 -0.473204 0.0326706 91.9064 0.47349 0.882109 -0.0024125 38.0782 -0.0276656 0.0175831 0.999826 -0.576414
0.849997 -0.527608 0.0367882 92.2878 0.527844 0.850705 0.00257032 38.3182 -0.0326378 0.0172207 0.999686 -0.578169
0.815955 -0.57879 0.0382874 92.642 0.578852 0.816808 0.0094086 38.5851 -0.0367027 0.0144733 0.999592 -0.597915
0.781301 -0.624864 0.0372382 92.9832 0.62471 0.782194 0.0158925 38.8778 -0.0390405 0.0108347 0.999554 -0.615364
0.745861 -0.666943 0.0343107 93.3012 0.666629 0.746689 0.0203419 39.1965 -0.0391683 0.00768971 0.999582 -0.647042
0.710289 -0.704824 0.0322329 93.6004 0.704501 0.711054 0.0210516 39.5073 -0.0377393 0.00774488 0.99964 -0.697261
0.674358 -0.739254 0.0331217 93.9012 0.739089 0.67513 0.0179049 39.803 -0.0355806 0.0123937 0.999676 -0.752413
0.639817 -0.769319 0.0340654 94.1926 0.769266 0.640594 0.0159518 40.1082 -0.0340773 0.0159862 0.999682 -0.77814
0.605792 -0.796345 0.0354032 94.4935 0.796376 0.606595 0.0150339 40.4133 -0.0334306 0.019073 0.999654 -0.799469
0.571875 -0.821037 0.0358333 94.7847 0.821121 0.572675 0.0145924 40.7084 -0.0324849 0.021064 0.999649 -0.820734
0.5381 -0.843607 0.0350344 95.0554 0.843708 0.538862 0.0144071 40.9814 -0.0310161 0.0217915 0.999683 -0.826839
0.506118 -0.863273 0.0328854 95.3262 0.863368 0.506796 0.0138733 41.2685 -0.028627 0.0213559 0.999768 -0.82023
0.475048 -0.880833 0.0310779 95.6065 0.88096 0.475626 0.0119423 41.5663 -0.0252862 0.0216903 0.999854 -0.823382
0.444798 -0.89652 0.0305454 95.8821 0.896723 0.445285 0.00888949 41.8498 -0.0215582 0.0234213 0.999907 -0.836638
0.415755 -0.910377 0.0302223 96.1623 0.910631 0.416165 0.00654279 42.1254 -0.0185223 0.0247852 0.999938 -0.873016
0.389613 -0.921886 0.0300492 96.439 0.922167 0.389978 0.00529978 42.4032 -0.0165935 0.0256291 0.999955 -0.892432
0.365579 -0.931693 0.0299428 96.7255 0.931983 0.365926 0.00513958 42.6965 -0.0157348 0.0260106 0.999963 -0.897262
0.34233 -0.940475 0.0305972 97.0083 0.940782 0.342689 0.00563044 42.9998 -0.0157699 0.0268407 0.999945 -0.886892
0.320365 -0.948171 0.0312775 97.2972 0.948451 0.32081 0.00879865 43.3123 -0.0183646 0.0268291 0.999905 -0.887588
0.302905 -0.953809 0.0340393 97.5834 0.954107 0.303491 0.0121701 43.6655 -0.0219243 0.0287724 0.999784 -0.891994
0.288259 -0.958253 0.0366265 97.8636 0.958593 0.288955 0.0141295 44.0379 -0.0241074 0.0310176 0.999671 -0.90097
0.274902 -0.962058 0.0397084 98.1671 0.962507 0.275667 0.014203 44.437 -0.0245942 0.0342944 0.999556 -0.923673
0.265956 -0.964339 0.0451929 98.466 0.965073 0.266728 0.0111193 44.8705 -0.0227613 0.0406337 0.999366 -0.915971
0.261106 -0.96551 0.0485559 98.762 0.966509 0.261698 0.00549006 45.3774 -0.0179941 0.0454705 0.999259 -0.901582
0.259237 -0.966123 0.046548 99.0416 0.967119 0.259535 -0.000262049 45.9502 -0.0118171 0.0450594 0.999374 -0.904262
0.25705 -0.966996 0.0403533 99.2915 0.967753 0.257191 -0.00240775 46.5673 -0.00804156 0.0396467 0.999645 -0.91878
0.254776 -0.967864 0.0336626 99.5158 0.968365 0.254934 -0.000362736 47.2254 -0.00822196 0.0326684 0.999899 -0.937867
0.252135 -0.968663 0.0307257 99.7196 0.969025 0.252416 0.00470705 47.9333 -0.0123044 0.0285669 0.999987 -0.971632
0.249595 -0.969422 0.0277116 99.906 0.969638 0.249958 0.00950179 48.6475 -0.016125 0.0244798 1.00005 -0.988774
0.247095 -0.970136 0.0254118 100.091 0.970256 0.247478 0.0121738 49.3859 -0.018085 0.0216301 1.00008 -0.998332
0.244332 -0.970859 0.0249044 100.258 0.970979 0.244694 0.0117362 50.1417 -0.0174741 0.0212965 1.0001 -0.988158
0.241136 -0.971654 0.0254508 100.426 0.971815 0.24147 0.0101053 50.9065 -0.0159511 0.0222786 1.00011 -0.990154
0.237625 -0.972514 0.026015 100.588 0.972717 0.237927 0.0083866 51.6852 -0.014333 0.0232936 1.00012 -1.00859
0.233694 -0.973444 0.0271708 100.759 0.973692 0.233985 0.00736413 52.4885 -0.0135136 0.0247156 1.0001 -1.02059
0.230627 -0.974171 0.0276787 100.935 0.974427 0.230936 0.00789486 53.2946 -0.01407 0.0251304 1.00009 -1.03684
0.228661 -0.974652 0.0273979 101.125 0.974883 0.228998 0.00927922 54.1008 -0.0153044 0.0245684 1.00009 -1.05403
0.227641 -0.974925 0.0265165 101.323 0.97511 0.228004 0.0110112 54.9106 -0.0167663 0.0233308 1.0001 -1.06974
0.227513 -0.974963 0.0266006 101.526 0.975124 0.227912 0.0125529 55.7152 -0.0182855 0.0230639 1.00008 -1.08034
0.227671 -0.974924 0.0270458 101.725 0.975082 0.228096 0.0133639 56.5244 -0.0191814 0.0233101 1.00006 -1.08214
0.228421 -0.974743 0.0275999 101.919 0.974928 0.228841 0.0127258 57.3363 -0.018704 0.0239814 1.00006 -1.07588
0.229419 -0.974611 0.0241612 102.107 0.974731 0.229762 0.0121215 58.1559 -0.0173492 0.0207516 1.00016 -1.0626
0.230795 -0.974428 0.0181459 102.287 0.974441 0.231038 0.012176 58.9837 -0.0160417 0.0148568 1.00029 -1.06663
0.23324 -0.973952 0.0120041 102.471 0.973878 0.233396 0.0131044 59.8186 -0.0155495 0.0086221 1.00038 -1.0795
0.236344 -0.973255 0.00804439 102.663 0.973139 0.236443 0.014212 60.657 -0.0157184 0.00445976 1.00041 -1.09622
0.23938 -0.972531 0.00707911 102.862 0.972407 0.239464 0.0144868 61.4967 -0.0157683 0.00340712 1.00041 -1.11145
0.241882 -0.971917 0.00789376 103.062 0.971797 0.241977 0.0144101 62.3405 -0.0158995 0.00417664 1.00041 -1.11724
0.243223 -0.971564 0.0108907 103.275 0.971483 0.243357 0.0131117 63.194 -0.0153733 0.00738071 1.00041 -1.12049
0.244226 -0.971287 0.0138254 103.477 0.971249 0.244393 0.0120067 64.0529 -0.0150249 0.0104838 1.00039 -1.11857
0.245135 -0.971063 0.0142686 103.684 0.971023 0.245312 0.0124076 64.917 -0.0155326 0.0108017 1.00038 -1.12387
0.245866 -0.970905 0.0131342 103.891 0.970816 0.246047 0.0147598 65.7808 -0.0175444 0.00911112 1.00037 -1.15058
0.246631 -0.970743 0.0115063 104.092 0.970577 0.246807 0.018177 66.6459 -0.0204654 0.00667548 1.00034 -1.16671
0.24767 -0.970503 0.0103726 104.295 0.97029 0.247832 0.0200763 67.4896 -0.022034 0.00508399 1.00032 -1.18284
0.248677 -0.970251 0.0108899 104.504 0.970103 0.248832 0.0170995 68.3079 -0.0192812 0.00630346 1.00037 -1.16886
0.249401 -0.97005 0.0131004 104.713 0.970038 0.24953 0.00979152 69.118 -0.0127514 0.0102551 1.00045 -1.12784
0.249328 -0.970052 0.0150395 104.918 0.970127 0.2494 0.00350274 69.9213 -0.00713621 0.0137043 1.00047 -1.10676
0.248516 -0.970238 0.0171471 105.126 0.970354 0.24858 0.00211613 70.7474 -0.00630362 0.0160989 1.00044 -1.12213
0.247189 -0.970515 0.0208715 105.339 0.970678 0.247326 0.00465225 71.5796 -0.00966319 0.0190939 1.00037 -1.14913
0.245674 -0.97085 0.0235784 105.558 0.971012 0.245934 0.00919546 72.4139 -0.014709 0.0206194 1.00028 -1.17252
0.243865 -0.971326 0.023243 105.76 0.97139 0.244225 0.0146326 73.2441 -0.0198691 0.0189941 1.00023 -1.20774
0.24202 -0.971885 0.0193759 105.954 0.97179 0.24237 0.0191019 74.0601 -0.0232382 0.0141937 1.00024 -1.26981
0.240462 -0.972351 0.0157023 106.143 0.972153 0.240753 0.0215817 74.8783 -0.0247412 0.0100655 1.00026 -1.31996
0.238689 -0.972832 0.0136024 106.329 0.972597 0.238934 0.0223861 75.6904 -0.0250032 0.0078778 1.00027 -1.34552
0.23601 -0.973508 0.0128788 106.505 0.973283 0.236232 0.0217863 76.4935 -0.0242268 0.0073849 1.0003 -1.35678
0.23209 -0.974468 0.0124583 106.675 0.974276 0.232293 0.0203688 77.3003 -0.0227186 0.0074026 1.00034 -1.36099
0.227895 -0.975483 0.0113957 106.854 0.975317 0.228064 0.0189123 78.1019 -0.0210242 0.00679706 1.00039 -1.36276
0.223893 -0.976449 0.00884751 107.033 0.976287 0.224004 0.018074 78.8951 -0.0196074 0.00458538 1.00043 -1.36503
0.220866 -0.977168 0.00678554 107.223 0.977015 0.220935 0.0172681 79.685 -0.0183506 0.00281134 1.00047 -1.37025
0.21867 -0.97768 0.00615029 107.41 0.977529 0.218727 0.0170751 80.4721 -0.0180168 0.00227461 1.00048 -1.38308
0.216689 -0.978135 0.00591258 107.586 0.977982 0.216741 0.0172296 81.2604 -0.0181116 0.00204572 1.00049 -1.39016
0.215114 -0.978491 0.00674039 107.76 0.978348 0.21518 0.0168295 82.0546 -0.017895 0.00297067 1.00049 -1.39329
0.21316 -0.978921 0.00811186 107.93 0.978798 0.213246 0.0160444 82.8499 -0.0174132 0.00451561 1.0005 -1.40289
0.2096 -0.979688 0.00976928 108.082 0.979595 0.209707 0.0148579 83.6459 -0.0165824 0.00645042 1.00051 -1.40496
0.204057 -0.980861 0.0107192 108.221 0.980777 0.204178 0.0147529 84.4425 -0.0166366 0.00749693 1.0005 -1.41629
0.196642 -0.982373 0.0119724 108.345 0.982277 0.196796 0.0161536 85.2371 -0.0182011 0.00857742 1.00047 -1.43828
0.189764 -0.98374 0.0117936 108.484 0.98358 0.189941 0.0194349 86.0342 -0.0213327 0.00790629 1.00042 -1.47324
0.183846 -0.984895 0.0101813 108.637 0.98462 0.184017 0.0239171 86.8377 -0.0253999 0.00562396 1.00035 -1.51831
0.178889 -0.98584 0.00806996 108.801 0.985458 0.179019 0.0276153 87.6351 -0.0286368 0.00301097 1.00027 -1.54751
0.173987 -0.986728 0.00838139 108.958 0.98632 0.17413 0.0285707 88.4337 -0.0296176 0.00329436 1.00025 -1.52908
0.168374 -0.987692 0.0107127 109.105 0.987371 0.168572 0.0259396 89.2249 -0.027394 0.00620663 1.0003 -1.48238
0.16227 -0.988678 0.0145487 109.243 0.988499 0.162531 0.021723 90.0167 -0.0238116 0.01085 1.00036 -1.44539
0.155235 -0.989823 0.0143888 109.357 0.989709 0.15546 0.0187843 90.8204 -0.0208018 0.011318 1.00042 -1.43761
0.147341 -0.991077 0.0117655 109.45 0.990976 0.147495 0.0168277 91.641 -0.0183859 0.00917474 1.0005 -1.46202
0.138478 -0.992414 0.00695755 109.526 0.992303 0.138539 0.0154409 92.4732 -0.0162618 0.00476382 1.00057 -1.50025
0.12953 -0.993649 0.00474726 109.608 0.993559 0.12955 0.0134842 93.3143 -0.013989 0.00296959 1.00061 -1.53697
0.120796 -0.994762 0.00475291 109.7 0.994699 0.120809 0.0114894 94.1595 -0.0119801 0.00333932 1.00064 -1.56121
0.112248 -0.995778 0.00452667 109.797 0.995719 0.112257 0.0109949 95.004 -0.0114337 0.00327293 1.00065 -1.58284
0.103904 -0.996702 0.00333078 109.885 0.996622 0.103902 0.0124635 95.845 -0.0127443 0.00202557 1.00064 -1.6041
0.0958215 -0.997529 0.00198411 109.962 0.997411 0.0958038 0.0150836 96.6857 -0.0152103 0.000536177 1.00061 -1.61005
0.0885578 -0.998216 0.00124296 110.031 0.998033 0.0885279 0.0189006 97.526 -0.0189477 -0.000429523 1.00055 -1.61391
0.082706 -0.998733 0.00101276 110.103 0.998473 0.0826695 0.0225573 98.3544 -0.0225803 -0.00084983 1.00048 -1.60672
0.0780605 -0.999122 -0.000329542 110.164 0.998809 0.0779893 0.0248695 99.186 -0.0247877 -0.00226436 1.00043 -1.59616
0.0745313 -0.9994 -0.00355512 110.22 0.999107 0.074383 0.0244753 100.01 -0.0241618 -0.0053673 1.00044 -1.59245
0.0713596 -0.999633 -0.00635499 110.269 0.999394 0.0711571 0.0228705 100.829 -0.0223762 -0.00797197 1.00047 -1.60415
0.0684597 -0.999831 -0.00898688 110.313 0.999643 0.0682119 0.0215901 101.655 -0.0209404 -0.0104482 1.00048 -1.62196
0.0657924 -1 -0.0111637 110.359 0.999848 0.0655048 0.0211105 102.484 -0.0203463 -0.0125352 1.00048 -1.62581
0.0629901 -1.00018 -0.012519 110.393 1 0.0626487 0.0229818 103.325 -0.0221669 -0.0139491 1.00042 -1.6326
0.0594763 -1.00042 -0.0118891 110.427 1.00018 0.0591179 0.0252877 104.165 -0.0245584 -0.0133772 1.00038 -1.63234
0.0552904 -1.00071 -0.00814928 110.474 1.0004 0.0550165 0.0261389 104.987 -0.0256709 -0.00958193 1.0004 -1.64982
0.049695 -1.00105 -0.00338667 110.513 1.00073 0.0495491 0.0252476 105.79 -0.0250683 -0.00463114 1.00046 -1.66533
0.0427088 -1.00139 0.000112889 110.544 1.0011 0.0426539 0.0235004 106.602 -0.0235009 -0.00088045 1.00051 -1.68554
0.0348788 -1.00171 0.000481159 110.569 1.00145 0.0348344 0.0219674 107.413 -0.0219855 -0.000274264 1.00055 -1.7015
0.0266526 -1.00198 0.00109926 110.592 1.00174 0.0266224 0.0211795 108.226 -0.0212147 0.000546474 1.00057 -1.7106
0.0188231 -1.00217 0.00241356 110.612 1.00191 0.0188232 0.021886 109.052 -0.021942 0.00201527 1.00056 -1.73524
0.012086 -1.00227 0.00708921 110.636 1.00199 0.012201 0.0235848 109.889 -0.0236863 0.00682399 1.0005 -1.75891
0.0060368 -1.00228 0.0127635 110.66 1.00203 0.00630161 0.0247614 110.737 -0.0248587 0.0126413 1.00042 -1.76127
0.000255862 -1.00217 0.0213775 110.675 1.00209 0.000713062 0.0237545 111.585 -0.0237825 0.0214106 1.0003 -1.76038
-0.00574129 -1.00196 0.0295225 110.678 1.00217 -0.00518921 0.020484 112.431 -0.0203351 0.0296916 1.00018 -1.75318
-0.0119569 -1.0018 0.033228 110.671 1.00218 -0.0114171 0.0179573 113.291 -0.0175767 0.0334991 1.00011 -1.75602
-0.0184913 -1.00177 0.031772 110.633 1.0021 -0.0179737 0.0181603 114.16 -0.0175874 0.032159 1.00016 -1.77097
-0.0244253 -1.00178 0.0277674 110.588 1.0019 -0.0238641 0.0222724 115.042 -0.0216114 0.0283517 1.0002 -1.80965
-0.0291798 -1.00173 0.0253329 110.552 1.00169 -0.0285574 0.0266827 115.917 -0.0259631 0.0261434 1.00017 -1.83336
-0.0320875 -1.00164 0.0259449 110.526 1.00154 -0.0313727 0.029558 116.782 -0.0287473 0.0269217 1.00007 -1.85691
-0.0337442 -1.00165 0.0239602 110.487 1.00154 -0.0331234 0.0280961 117.618 -0.0273043 0.0249348 1.00017 -1.86623
-0.0353677 -1.00167 0.0213306 110.432 1.00158 -0.0348905 0.0248984 118.449 -0.0241533 0.0222363 1.00032 -1.87637
-0.0366155 -1.00163 0.0219583 110.379 1.00161 -0.0361753 0.0226431 119.29 -0.0218447 0.0228132 1.00036 -1.90375
-0.0375311 -1.00156 0.0243292 110.333 1.00163 -0.0370863 0.0208 120.13 -0.0198906 0.0251377 1.00036 -1.91311
-0.0377537 -1.00151 0.0266029 110.295 1.00164 -0.0372671 0.0207013 120.979 -0.0197016 0.0274141 1.0003 -1.92045
-0.0382156 -1.00149 0.0270879 110.252 1.00162 -0.037695 0.0216069 121.841 -0.0205774 0.0279428 1.00028 -1.92849
-0.0395841 -1.00147 0.0265035 110.211 1.00158 -0.0390712 0.0217986 122.701 -0.020754 0.0273936 1.0003 -1.92188
-0.0414529 -1.00136 0.02851 110.181 1.00156 -0.0409478 0.0201535 123.557 -0.0189736 0.029373 1.00028 -1.91702
-0.0437465 -1.00112 0.0334784 110.159 1.00153 -0.0432529 0.0171341 124.409 -0.0156684 0.0342576 1.00019 -1.92559
-0.0457225 -1.00091 0.0374635 110.13 1.00151 -0.0452959 0.0138009 125.257 -0.0120829 0.0381254 1.0001 -1.92392
-0.0474832 -1.00071 0.0408827 110.083 1.00147 -0.0470852 0.012173 126.107 -0.0102248 0.0414912 0.999998 -1.9342
-0.0487891 -1.00057 0.0430863 110.021 1.00141 -0.0483368 0.0129393 126.969 -0.0108316 0.0437463 0.999902 -1.95376
-0.0494917 -1.00042 0.0459927 109.963 1.00137 -0.0489055 0.0151646 127.828 -0.0128873 0.0467707 0.999747 -1.97735
-0.0497926 -1.00038 0.0469713 109.912 1.00135 -0.04912 0.0167279 128.679 -0.014391 0.0478304 0.999683 -1.96738
-0.0498618 -1.00056 0.0433026 109.852 1.00135 -0.0492125 0.0174212 129.535 -0.0152626 0.0441949 0.999843 -1.94968
-0.0501098 -1.00077 0.0383755 109.794 1.00135 -0.0495373 0.0174148 130.394 -0.015489 0.0392688 1.00005 -1.92228
-0.0506827 -1.00092 0.0338675 109.732 1.00133 -0.0501577 0.0180983 131.244 -0.0163766 0.0348018 1.00021 -1.90829
-0.0511271 -1.00102 0.0306759 109.676 1.0013 -0.050616 0.0193417 132.092 -0.0177672 0.031679 1.00029 -1.92855
-0.0517104 -1.00103 0.0297802 109.627 1.00126 -0.0511804 0.020496 132.928 -0.0189498 0.0308524 1.0003 -1.95735
-0.052077 -1.00103 0.0296172 109.586 1.00126 -0.0515445 0.0206992 133.759 -0.0191503 0.0307068 1.00031 -1.96062
-0.0527924 -1.00106 0.0279174 109.538 1.00127 -0.0523462 0.0188688 134.58 -0.017385 0.0289244 1.0004 -1.94111
-0.0542221 -1.00108 0.0249925 109.482 1.00125 -0.0538929 0.0163617 135.398 -0.0149918 0.0258886 1.00053 -1.91888
-0.0559674 -1.00104 0.023585 109.42 1.00118 -0.0556667 0.0160968 136.213 -0.0147598 0.0244922 1.00057 -1.934
-0.0577315 -1.00092 0.0251329 109.364 1.00105 -0.0573279 0.0192014 137.022 -0.0177342 0.0262445 1.00049 -1.96571
-0.0591373 -1.00073 0.0295955 109.328 1.00087 -0.0584788 0.0249441 137.815 -0.023182 0.0310687 1.00024 -2.02635
-0.0603142 -1.00056 0.0334193 109.293 1.00071 -0.0594136 0.0293589 138.591 -0.0273356 0.0351819 1.00001 -2.04191
-0.0605983 -1.00053 0.0343545 109.254 1.0007 -0.0596486 0.0300285 139.342 -0.0279397 0.0361647 0.999964 -2.01738
-0.0598545 -1.0007 0.0308946 109.221 1.00085 -0.0591212 0.0263797 140.064 -0.024519 0.0324691 1.00019 -1.96553
-0.0586165 -1.0008 0.0305338 109.185 1.00105 -0.0580542 0.0213077 140.78 -0.0195042 0.031784 1.00033 -1.93378
-0.0566841 -1.00086 0.0327886 109.141 1.00128 -0.0562735 0.0155235 141.48 -0.0136496 0.0336767 1.00037 -1.93012
-0.0529265 -1.00101 0.0350229 109.106 1.00156 -0.0526665 0.0104129 142.167 -0.00854213 0.035592 1.00036 -1.94967
-0.0475531 -1.00122 0.0371109 109.064 1.00187 -0.0473946 0.00715363 142.862 -0.00537019 0.0374811 1.00032 -1.979
-0.0410104 -1.00146 0.0389448 109.019 1.00217 -0.0407818 0.0085745 143.542 -0.00696388 0.039339 1.00025 -2.02116
-0.033806 -1.00176 0.0386331 108.971 1.0024 -0.0333778 0.0136167 144.217 -0.0123104 0.0391443 1.00021 -2.04449
-0.0269383 -1.00201 0.0378744 108.929 1.00255 -0.0263121 0.0189134 144.874 -0.0179079 0.0384387 1.00016 -2.05419
-0.0201039 -1.00224 0.036706 108.901 1.00264 -0.0193468 0.0229145 145.525 -0.0222034 0.0372229 1.00013 -2.03262
-0.013374 -1.00247 0.033942 108.888 1.00277 -0.0126935 0.022418 146.164 -0.0219898 0.0342977 1.00025 -1.9903
-0.00624788 -1.00263 0.0314926 108.879 1.00291 -0.00570658 0.0196782 146.801 -0.0194998 0.031671 1.00039 -1.95535
0.00116576 -1.00274 0.0292822 108.877 1.003 0.00157281 0.0165187 147.449 -0.0165622 0.0293164 1.00052 -1.94757
0.00826188 -1.00275 0.0285057 108.881 1.00302 0.00859144 0.0141882 148.097 -0.0144263 0.0284404 1.00059 -1.96076
0.0148602 -1.0026 0.0315549 108.899 1.00298 0.0151878 0.0126537 148.748 -0.0131215 0.0314231 1.00053 -1.97821
0.0209188 -1.00238 0.0354073 108.923 1.0029 0.021272 0.0118554 149.403 -0.0125931 0.0352194 1.00041 -1.99219
0.025644 -1.00216 0.0389518 108.951 1.00281 0.0260461 0.0118909 150.06 -0.0128872 0.0387092 1.00029 -2.0003
0.0278068 -1.00204 0.0408124 108.975 1.00275 0.0282663 0.0126844 150.693 -0.013819 0.0405225 1.00021 -2.00067
